30 9478 5022 7665 5905 3386 8196 7295 5504 7092 6761 3395 914 1219 7035 1496 2797 9362 2652 7567 7147 6837 2251 9120 2128 3967 7235 6161 7687 8141 4158
63 496 6474 3820 6791 4095 2535 9388 4017 2534 2477 2192 7792 2083 50 7391 76 1160 7975 8950 4336 9836 8772 400 6248 8124 7826 3744 920 1670 4082 5510 3331 1374 2512 8164 6632 6539 8090 2882 9022 2533 8569 9307 7646 4615 1648 3255 3110 4547 5104 8360 2338 805 2946 3769 6998 4581 6107 4935 4019 4553 900 5587
4 3 3 5 7
15 457 1143 7191 16 2023 4203 1794 3098 8280 2092 9852 7481 9304 3183 2932
23 2572 4040 1839 3589 6410 4772 4259 6135 8263 3637 8027 5740 7360 7139 2972 6025 8921 9761 1274 1076 7423 4729 2663
57 2240 1659 848 9626 344 358 6880 6198 6264 9777 3436 2077 814 3139 1704 5043 7882 4959 9913 3220 3616 479 1582 5429 4712 1602 9489 228 6536 3166 2050 6748 260 6162 2017 6226 9654 9727 3272 8392 2509 809 4493 2883 7553 2465 7851 6873 8010 6915 50 7294 7787 4403 7483 2808 3467
25 4706 5656 8843 7233 1727 9131 7913 5146 3319 4343 672 8263 1600 6686 1654 3306 8381 9737 3053 1839 9594 5362 179 9157 6809
3 4749 2860 3067
76 8631 4285 512 916 9920 3421 880 2384 800 5420 7277 3869 8812 7458 1414 9926 7720 2514 9359 766 8468 4777 4173 1150 9431 9252 8640 3513 1394 1818 2504 2195 9607 8194 5415 6983 1312 4498 7161 7911 3060 4139 8397 929 3611 1479 66 5544 3280 680 171 2649 8932 951 3780 260 5651 8874 8996 2680 408 2000 1411 4142 9638 9306 943 5525 4441 1850 8388 5500 8728 1348 5549 2907
3 20 30 40
